$SPEC_ID:
No sample description was entered.
$SPEC_REM:
DET# 12901
DETDESC# GY222-02 Easy-MCA-2k SN 11080665
AP# Maestro Version 7.01
$DATE_MEA:
04/20/2017 10:22:00
$MEAS_TIM:
1200 1201
$DATA:
0 2047
       0
       0
       0
       0
       0
       0
       0
       0
       0
       0
       0
       0
       0
       0
       0
       0
       0
       0
       0
       0
       0
       0
       0
       0
       0
       0
       0
       0
       0
       0
       0
       0
       0
       0
       0
       0
       0
       0
       0
       0
       0
       0
       0
       0
       0
       2
     278
     396
     437
     676
     859
     886
     882
     937
     955
     850
     906
     878
     852
     877
     864
     971
    1002
    1005
    1024
    1115
    1154
    1111
    1200
    1209
    1208
    1181
    1301
    1244
    1308
    1300
    1306
    1386
    1414
    1390
    1500
    1548
    1588
    1640
    1665
    1689
    1682
    1741
    1648
    1547
    1635
    1570
    1624
    1512
    1650
    1623
    1552
    1602
    1610
    1516
    1598
    1592
    1531
    1597
    1594
    1575
    1574
    1608
    1554
    1534
    1574
    1471
    1583
    1485
    1524
    1546
    1487
    1456
    1446
    1509
    1423
    1460
    1404
    1394
    1413
    1401
    1384
    1356
    1438
    1405
    1337
    1348
    1334
    1433
    1413
    1315
    1290
    1347
    1252
    1267
    1234
    1268
    1305
    1233
    1220
    1243
    1294
    1179
    1212
    1171
    1146
    1170
    1171
    1127
    1113
    1139
    1120
    1119
    1084
    1068
    1079
    1052
    1055
    1027
    1034
     996
     998
     972
     982
     993
     952
     901
     914
     935
     911
     866
     884
     885
     889
     839
     853
     877
     804
     832
     831
     812
     801
     889
     778
     808
     800
     798
     790
     805
     748
     824
     789
     737
     752
     740
     753
     758
     738
     730
     741
     697
     746
     698
     656
     668
     636
     691
     637
     678
     599
     622
     597
     579
     580
     600
     598
     654
     615
     587
     613
     562
     569
     540
     553
     534
     538
     534
     538
     571
     598
     540
     610
     599
     559
     568
     558
     550
     550
     581
     552
     534
     499
     573
     537
     495
     504
     498
     522
     468
     499
     473
     430
     446
     476
     435
     381
     408
     399
     379
     393
     355
     360
     360
     362
     326
     348
     323
     349
     361
     354
     298
     322
     341
     281
     346
     337
     332
     335
     283
     291
     296
     303
     307
     319
     299
     307
     287
     342
     295
     289
     292
     268
     262
     259
     279
     275
     277
     296
     305
     251
     261
     266
     250
     235
     259
     216
     248
     241
     236
     230
     235
     228
     224
     244
     221
     234
     227
     220
     206
     201
     205
     210
     208
     219
     195
     193
     216
     238
     202
     217
     215
     237
     203
     201
     235
     195
     219
     208
     229
     198
     205
     222
     202
     206
     236
     181
     199
     194
     216
     174
     222
     167
     206
     201
     177
     198
     167
     197
     200
     177
     175
     148
     167
     151
     157
     148
     143
     152
     135
     148
     131
     141
     151
     139
     147
     115
     121
     133
     134
     129
     133
     140
     108
     127
     126
     106
     148
      95
     118
     125
      99
     102
     134
     111
     111
     119
     125
     118
     113
     124
     110
      91
     105
     126
     109
     107
     106
     119
     103
     124
     103
     108
     109
     113
     107
     121
     112
     128
      98
      98
      78
      97
      89
      97
     107
     117
      93
      94
     119
     117
      99
      88
      92
     112
      82
     100
     108
      91
      91
      85
      80
      97
      85
      86
      67
      94
      94
      80
      96
      83
      83
      89
      77
      73
      88
      86
      75
      89
      82
      76
      77
      84
      75
      88
      79
      89
      72
      74
      99
      94
      84
      68
      87
      81
      83
      91
      78
      74
      76
      73
      70
      80
      85
      63
      74
      62
      73
      67
      70
      70
      77
      75
      73
      76
      63
      75
      74
      90
      82
      84
      82
      76
      56
      75
      71
      65
      67
      91
      89
      71
      82
      68
      73
      86
      79
      73
      80
      72
      76
      65
      59
      66
      69
      57
      57
      59
      64
      59
      70
      54
      55
      78
      69
      64
      65
      68
      62
      50
      55
      68
      77
      61
      62
      62
      58
      61
      65
      59
      67
      66
      62
      58
      63
      64
      60
      77
      66
      73
      77
      66
      77
      73
      60
      77
      74
      60
      62
      79
      75
      65
      64
      64
      60
      70
      81
      65
      63
      64
      65
      73
      76
      60
      75
      71
      76
      66
      92
      79
      75
      88
      90
      52
      85
      56
      80
      61
      68
      80
      83
      85
      81
      82
      79
      58
      64
      63
      72
      55
      77
      61
      45
      54
      58
      65
      58
      51
      54
      57
      53
      56
      57
      50
      48
      59
      47
      39
      41
      55
      42
      45
      37
      52
      37
      56
      43
      32
      34
      40
      41
      53
      46
      44
      53
      41
      43
      38
      39
      43
      34
      49
      39
      35
      33
      38
      51
      30
      39
      55
      27
      42
      39
      45
      31
      39
      49
      39
      26
      34
      38
      52
      40
      29
      30
      25
      36
      48
      49
      33
      49
      39
      46
      39
      32
      40
      33
      36
      35
      30
      41
      30
      36
      34
      49
      26
      33
      36
      26
      38
      32
      32
      30
      42
      44
      38
      47
      36
      33
      32
      46
      36
      42
      43
      36
      35
      45
      48
      30
      40
      31
      31
      30
      41
      38
      32
      27
      38
      35
      48
      25
      36
      34
      31
      31
      24
      32
      33
      30
      36
      33
      27
      24
      31
      27
      35
      32
      35
      33
      29
      38
      37
      25
      30
      30
      27
      26
      34
      36
      26
      35
      29
      30
      34
      31
      35
      28
      29
      26
      30
      33
      31
      30
      33
      27
      27
      32
      34
      31
      34
      36
      28
      21
      36
      25
      32
      27
      36
      22
      31
      30
      30
      36
      33
      29
      29
      21
      35
      32
      30
      27
      28
      29
      24
      28
      32
      27
      23
      27
      22
      20
      20
      25
      23
      45
      18
      28
      19
      25
      29
      16
      19
      29
      23
      20
      27
      28
      32
      21
      24
      30
      18
      35
      26
      20
      31
      24
      25
      29
      33
      29
      28
      25
      25
      22
      16
      22
      15
      26
      34
      24
      22
      21
      29
      20
      24
      25
      17
      19
      26
      18
      25
      32
      27
      21
      33
      25
      32
      29
      22
      32
      30
      31
      28
      33
      26
      35
      34
      37
      25
      34
      23
      25
      33
      32
      30
      23
      37
      35
      36
      31
      35
      31
      42
      32
      27
      26
      21
      34
      29
      40
      29
      37
      27
      31
      38
      36
      36
      28
      32
      34
      30
      27
      29
      18
      23
      21
      24
      30
      19
      30
      21
      21
      33
      35
      29
      24
      22
      30
      24
      21
      24
      21
      30
      23
      16
      41
      24
      31
      27
      30
      30
      26
      29
      37
      22
      35
      27
      32
      22
      23
      31
      22
      26
      27
      17
      29
      15
      29
      21
      26
      23
      21
      22
      21
      17
      22
      20
      26
      23
      31
      22
      22
      26
      21
      20
      23
      22
      19
      17
      19
      32
      21
      21
      25
      19
      15
      22
      20
      31
      18
      24
      15
      25
      15
      21
      16
      15
      19
      13
      15
      19
      15
      14
      17
      17
      13
      19
      16
      18
      13
      13
      14
      16
      18
      18
      21
      17
      18
      16
      11
      20
      17
      16
      25
      23
      11
      18
      21
      15
      17
      20
      17
      24
      12
      16
      15
      15
      10
      10
      16
      12
      16
      18
      20
      22
      19
      18
      17
      14
      23
      23
      22
      20
      21
      22
      21
      18
      19
      24
      14
      15
      17
      18
      17
      26
      11
      13
      14
      14
      18
      21
      18
      17
      17
      13
      14
      19
       8
      19
      24
      22
      12
      19
      16
      14
      15
      14
      21
      16
      18
      21
      22
      19
      18
      21
      16
      23
      22
      17
      21
       9
      12
      23
      17
      13
      27
      20
      19
      22
      14
      19
      24
      20
      21
      18
      15
      13
      12
      17
      19
      23
      12
      16
      13
      20
      17
      17
      18
      20
      19
       9
      27
      17
      17
      21
      16
      22
      16
      17
      18
      20
      26
      14
      13
      14
      20
      15
      13
      18
      11
      19
      15
      16
      14
      10
      19
      21
      17
      21
      22
      17
      20
      11
      17
      15
      18
      10
      12
      21
      10
      16
      13
      13
      16
      14
      16
       9
      10
      13
      18
      18
      18
      14
       7
      11
       6
      18
      10
      12
      10
       8
       9
      10
      15
      16
      12
       9
      16
      10
      14
      10
      14
      11
      16
      13
       8
       5
      11
      14
      10
      16
      13
      13
      10
      12
      11
       9
      10
       8
      11
      15
       7
       5
       6
       6
      10
      14
       8
      10
       8
      12
       8
       8
      11
       9
       6
      11
      10
      11
       7
       8
       4
       8
       8
      13
      12
       7
       8
       8
      14
       7
       9
      12
      10
       8
       9
      13
       7
       6
      11
      10
      16
       8
      16
       9
      12
       7
      11
       9
      10
       7
      10
      12
       7
       7
       8
       6
       4
       8
      11
       7
       6
       8
      11
      10
      10
       9
       9
      10
      18
      14
       7
       9
      15
       6
       5
       9
       7
       7
      14
      13
      10
       5
       5
       6
       3
       7
       8
       7
       8
      11
       5
       9
      12
       7
       7
      11
       9
       5
      11
       6
      12
      12
       2
       9
       9
       8
      13
      10
       3
       6
      10
      11
       8
       8
       8
       4
       8
      10
      14
      13
       8
       8
      13
       8
      16
       8
       9
       8
      10
       7
       6
       8
       4
       4
       6
      13
      14
       4
      10
      11
      14
       9
       6
      12
       7
       5
       9
      11
       7
      14
      10
      11
      11
       8
      11
       7
      16
      13
      17
       5
      13
      20
      13
      13
      16
       7
      14
      16
      15
      14
      14
      19
      15
      19
      13
      13
      27
      19
      18
      25
      16
      21
      28
      24
      20
      13
      19
      26
      26
      22
      27
      25
      17
      29
      14
      26
      25
      14
      23
      25
      25
      31
      18
      18
      25
      16
      31
      20
      23
      20
      24
      15
      26
      20
      17
      19
      24
      15
      16
      11
      15
      20
      19
      18
      13
      13
      16
      11
      12
      11
      10
      10
      18
      11
       8
       7
      17
       4
       9
      11
       8
       9
      12
       5
      10
       9
       6
       7
      10
      10
       5
       7
       6
       5
       5
       7
       6
      11
       3
       7
       2
       5
       5
       4
      12
       6
       7
       5
       5
       4
       5
       6
       4
       3
       7
       3
       4
       3
       1
       5
       5
       9
       4
       7
       4
       2
       3
       6
       8
       5
       2
       7
       6
       7
       3
       7
       4
       4
       7
       7
       8
       4
       5
       7
       7
       5
       9
       4
       2
       6
       8
       6
       7
       5
       4
       7
       6
       6
       3
       4
       3
       8
      10
       9
      10
       8
       4
       9
       4
       6
      10
      10
      10
       8
       6
       6
       3
       4
       5
       7
       5
       6
       5
       5
       4
       7
       2
       5
       2
       3
       6
       3
       5
       4
       4
       2
       7
       4
       5
       6
       4
       1
       2
       2
       6
       9
       5
       2
       1
      10
       6
       5
       8
       3
       2
       4
       3
       3
       3
       4
       2
       3
       5
       2
       3
       3
       0
       4
       5
       5
       5
       6
       1
       2
       3
       3
       3
       2
       4
       3
       2
       4
       1
       3
       5
       7
       5
       6
       5
       2
       3
       4
       8
       2
       3
       1
       9
       4
       4
       4
       5
       2
       3
       6
       3
       2
       2
       4
       2
       4
       2
       4
       2
       2
       5
       3
       4
       4
       2
       7
       7
       2
       6
      10
       3
       3
       1
       4
       4
       3
       6
       6
       3
       3
       3
       3
       3
       6
       2
       2
       5
       3
       3
       2
       3
       5
       6
       4
       4
       4
       7
       1
       1
       4
       5
       5
       6
       3
       9
       6
       7
       4
       8
       4
       6
       3
       5
       2
       7
       5
       8
       4
       5
       4
       1
       6
       3
       4
       4
       6
       2
       1
       4
      10
       5
       1
       4
       1
       2
       5
       4
       1
       5
       2
       4
       4
       3
       3
       2
       3
       2
       1
       9
       2
       3
       2
       3
       4
       5
       2
       3
       3
       5
       2
       5
       2
       6
       3
       2
       5
       2
       4
       5
       3
       4
       3
       4
       3
       3
       2
       4
       2
       4
       1
       5
       1
       0
       7
       1
       1
       2
       4
       5
       4
       4
       3
       1
       3
       2
       0
       2
       0
       2
       5
       1
       5
       2
       2
       3
       1
       2
       3
       3
       4
       5
       6
       3
       2
       3
       3
       1
       6
       2
       3
       3
       3
       1
       1
       0
       0
       0
       0
       0
       0
       0
       0
       0
       0
       0
       0
       0
       0
       0
       0
       0
       0
       0
       0
       0
       0
       0
       0
       0
       0
       0
       0
       0
       0
       0
       0
       0
       0
       0
       0
       0
       0
       0
       0
       0
       0
       0
       0
       0
       0
       0
       0
       0
       0
       0
       0
       0
       0
       0
       0
       0
       0
       0
       0
       0
       0
       0
       0
       0
       0
       0
       0
       0
       0
       0
       0
       0
       0
       0
       0
       0
       0
       0
       0
       0
       0
       0
       0
       0
       0
       0
       0
       0
       0
       0
       0
       0
       0
       0
       0
       0
       0
       0
       0
       0
       0
       0
       0
       0
       0
       0
       0
       0
       0
       0
       0
       0
       0
       0
       0
       0
       0
       0
       0
       0
       0
       0
       0
       0
       0
       0
       0
       0
       0
       0
       0
       0
       0
       0
       0
       0
       0
       0
       0
       0
       0
       0
       0
       0
       0
       0
       0
       0
       0
       0
       0
       0
       0
       0
       0
       0
       0
       0
       0
       0
       0
       0
       0
       0
       0
       0
       0
       0
       0
       0
       0
       0
       0
       0
       0
       0
       0
       0
       0
       0
       0
       0
       0
       0
       0
       0
       0
       0
       0
       0
       0
       0
       0
       0
       0
       0
       0
       0
       0
       0
       0
       0
       0
       0
       0
       0
       0
       0
       0
       0
       0
       0
       0
       0
       0
       0
       0
       0
       0
       0
       0
       0
       0
       0
$ROI:
0
$PRESETS:
Live Time
1200
0
$ENER_FIT:
0.000000 0.000000
$MCA_CAL:
3
0.000000E+000 0.000000E+000 0.000000E+000 
$SHAPE_CAL:
3
6.448958E+001 0.000000E+000 0.000000E+000
