$SPEC_ID:
No sample description was entered.
$SPEC_REM:
DET# 12901
DETDESC# GY222-02 Easy-MCA-2k SN 11080665
AP# Maestro Version 7.01
$DATE_MEA:
04/20/2017 09:51:18
$MEAS_TIM:
1200 1203
$DATA:
0 2047
       0
       0
       0
       0
       0
       0
       0
       0
       0
       0
       0
       0
       0
       0
       0
       0
       0
       0
       0
       0
       0
       0
       0
       0
       0
       0
       0
       0
       0
       0
       0
       0
       0
       0
       0
       0
       0
       0
       0
       0
       0
       1
       0
       0
       0
       2
     614
     877
     820
    1098
    1219
    1240
    1308
    1308
    1228
    1260
    1231
    1295
    1220
    1249
    1323
    1316
    1361
    1416
    1378
    1483
    1536
    1557
    1525
    1539
    1536
    1534
    1559
    1618
    1610
    1706
    1699
    1785
    1855
    1837
    1843
    1853
    1963
    2028
    2088
    2167
    2159
    2120
    2052
    2027
    1886
    1986
    1965
    1990
    1934
    1927
    1978
    1967
    1961
    2045
    1999
    1961
    2004
    1957
    1942
    1942
    1931
    1876
    1908
    1916
    1906
    1976
    1868
    1869
    1846
    1853
    1836
    1839
    1770
    1809
    1883
    1869
    1779
    1833
    1822
    1881
    1796
    1878
    1760
    1796
    1812
    1766
    1789
    1684
    1768
    1889
    1714
    1755
    1730
    1660
    1702
    1682
    1706
    1635
    1633
    1700
    1630
    1636
    1643
    1587
    1584
    1590
    1583
    1566
    1570
    1564
    1479
    1565
    1582
    1521
    1557
    1446
    1496
    1444
    1525
    1421
    1417
    1455
    1363
    1370
    1378
    1397
    1398
    1296
    1393
    1397
    1346
    1339
    1300
    1341
    1327
    1346
    1367
    1279
    1385
    1333
    1395
    1385
    1373
    1403
    1408
    1380
    1446
    1462
    1465
    1482
    1472
    1459
    1517
    1465
    1414
    1470
    1452
    1395
    1417
    1459
    1306
    1400
    1409
    1360
    1328
    1312
    1328
    1197
    1293
    1256
    1261
    1305
    1201
    1264
    1218
    1175
    1193
    1082
    1177
    1176
    1124
    1103
    1130
    1111
    1073
    1105
    1095
    1073
    1125
    1068
    1083
    1068
    1027
    1003
    1081
    1034
    1046
    1021
    1015
    1085
    1029
     993
    1008
     965
    1022
     935
     936
     966
     925
     948
     910
     877
     872
     892
     865
     881
     860
     810
     802
     782
     811
     803
     816
     784
     770
     760
     762
     746
     741
     726
     732
     797
     743
     749
     764
     716
     716
     768
     692
     726
     763
     760
     686
     670
     691
     672
     677
     660
     649
     646
     714
     652
     718
     692
     662
     635
     672
     645
     651
     630
     625
     574
     569
     637
     580
     647
     562
     600
     617
     610
     586
     637
     605
     609
     584
     542
     544
     533
     546
     549
     581
     546
     556
     556
     574
     554
     488
     551
     567
     532
     568
     544
     598
     573
     511
     538
     584
     494
     515
     555
     574
     555
     520
     504
     521
     562
     493
     551
     518
     521
     529
     482
     533
     523
     580
     540
     491
     561
     509
     509
     519
     449
     501
     477
     482
     526
     466
     475
     462
     462
     460
     480
     486
     452
     450
     462
     439
     488
     419
     466
     482
     422
     460
     471
     442
     435
     474
     458
     434
     440
     438
     494
     451
     434
     473
     465
     417
     451
     410
     451
     451
     473
     452
     479
     454
     455
     422
     462
     501
     461
     456
     414
     404
     501
     420
     465
     447
     453
     470
     486
     454
     441
     467
     447
     443
     437
     441
     419
     456
     460
     459
     448
     428
     446
     428
     457
     440
     456
     422
     446
     408
     397
     413
     426
     418
     407
     425
     399
     384
     423
     390
     369
     388
     371
     378
     356
     359
     380
     329
     339
     303
     333
     285
     353
     296
     324
     291
     284
     275
     251
     228
     276
     265
     256
     234
     243
     215
     230
     210
     205
     203
     197
     204
     185
     213
     199
     186
     188
     193
     167
     181
     171
     165
     165
     164
     157
     165
     145
     160
     179
     181
     143
     150
     120
     160
     154
     128
     143
     126
     140
     125
     155
     118
     141
     126
     131
     144
     130
     160
     137
     128
     135
     120
     110
     114
     105
     119
      98
      97
      97
     100
     112
     107
      91
     105
     107
     104
      92
      83
      99
      94
      92
     102
     106
     104
      87
     114
     107
      88
      81
      99
      93
      82
      97
      93
     101
      90
      90
     103
      87
     101
      76
     111
     102
      85
      89
      91
      98
      91
      97
      99
     101
      92
     107
     105
     102
      93
      93
     105
     113
     108
      99
      95
     108
      96
      91
      96
     108
     120
     106
     104
     113
     102
     122
     101
     110
     117
     104
     127
     147
     146
     123
     167
     156
     155
     147
     169
     176
     182
     201
     205
     224
     253
     265
     281
     276
     341
     334
     399
     393
     441
     472
     523
     528
     611
     624
     617
     702
     763
     771
     901
    1004
     952
     979
    1161
    1107
    1204
    1298
    1283
    1377
    1426
    1473
    1592
    1534
    1667
    1735
    1732
    1712
    1855
    1860
    1894
    1831
    1915
    1902
    1797
    1944
    1858
    1866
    1865
    1768
    1811
    1781
    1698
    1683
    1599
    1553
    1553
    1528
    1413
    1427
    1263
    1225
    1148
    1103
     996
     949
     859
     818
     811
     705
     693
     652
     573
     545
     443
     446
     349
     381
     334
     289
     232
     225
     199
     200
     148
     148
     133
     120
      92
     113
     102
      73
      53
      62
      62
      64
      49
      49
      41
      53
      39
      44
      41
      42
      29
      32
      31
      36
      44
      26
      36
      42
      41
      29
      41
      43
      31
      36
      39
      36
      28
      30
      39
      28
      33
      41
      45
      31
      32
      30
      35
      35
      33
      34
      39
      32
      36
      28
      39
      30
      33
      34
      23
      22
      32
      30
      32
      31
      35
      27
      26
      26
      31
      28
      33
      30
      26
      41
      31
      35
      26
      36
      26
      21
      28
      30
      25
      33
      26
      33
      42
      35
      28
      28
      30
      28
      41
      25
      33
      29
      29
      27
      33
      27
      39
      31
      26
      38
      28
      30
      27
      25
      30
      31
      25
      30
      21
      29
      15
      29
      24
      30
      35
      38
      23
      22
      33
      28
      33
      25
      20
      29
      28
      33
      22
      24
      37
      28
      24
      33
      27
      30
      27
      28
      25
      30
      27
      20
      31
      26
      22
      23
      24
      19
      21
      26
      38
      31
      31
      33
      26
      23
      20
      25
      24
      23
      19
      24
      23
      27
      32
      29
      28
      34
      29
      28
      28
      24
      26
      25
      30
      22
      26
      43
      27
      28
      36
      30
      29
      30
      23
      26
      28
      30
      34
      31
      30
      23
      46
      44
      23
      37
      25
      27
      31
      29
      37
      30
      23
      34
      28
      33
      31
      21
      35
      34
      30
      31
      30
      34
      32
      30
      24
      34
      22
      26
      23
      23
      28
      25
      30
      39
      24
      27
      31
      26
      18
      26
      24
      22
      21
      18
      31
      33
      16
      20
      23
      22
      25
      31
      22
      20
      34
      30
      27
      26
      36
      36
      25
      28
      19
      32
      16
      27
      25
      24
      23
      25
      22
      28
      28
      17
      28
      23
      27
      14
      34
      22
      14
      27
      15
      28
      16
      31
      27
      18
      20
      20
      23
      19
      13
      17
      13
      24
      19
      18
      19
      15
      21
      16
      19
      23
      17
      14
      15
      17
      19
      18
      17
      28
      14
      17
      21
      15
      20
      24
      13
      22
      15
      20
      18
      14
      19
      22
      15
      11
      12
      18
      14
      10
      17
      22
      17
      16
      25
      16
      12
      11
       9
      23
      17
      17
      10
      11
      18
      20
      20
      19
      17
      14
      21
      21
      20
       9
      23
      10
      19
      13
      10
      11
      15
      14
      22
      24
      18
      23
      17
      14
      12
      21
      19
      15
      18
      19
      13
      23
      14
      17
      17
      14
      19
      13
      24
      18
      17
      17
      18
      28
      25
      22
      18
      26
      20
      24
      11
      18
      15
      27
      17
      22
      14
      16
      12
      13
      17
      18
      20
      16
      17
      24
      17
      15
      16
      16
      20
      14
      24
      15
      19
      21
      18
      15
      18
      21
      19
      25
      25
      15
      20
      16
      20
      16
      24
      16
      19
      22
      14
      17
      16
      18
      17
      15
      19
      19
      15
      21
      16
      20
      12
      17
      11
      16
      15
      18
      12
      14
      11
      16
      21
      16
      16
      16
      17
      12
      25
      18
      13
      20
      21
      14
      11
      15
      18
      17
      15
      10
      16
      12
      14
      19
      13
      10
      17
      12
      15
      12
       9
      10
      15
      17
       6
      14
      13
      12
      13
      11
      14
      11
      15
      20
      20
      19
       8
      19
      10
      16
      11
      17
       9
       9
      13
      13
      11
       6
      19
       8
      12
       9
      14
       8
      11
      11
      12
       8
      20
       7
      12
       6
      16
       7
       9
      14
      15
       4
       5
       8
      10
      12
      11
      17
      11
       6
      12
       8
      10
       6
       9
      12
       9
      13
       7
      13
      10
       8
      10
       5
       6
       6
       3
       5
       1
       6
       8
      12
       9
      10
       7
       6
       8
       8
      10
       6
       5
       8
      12
      11
       6
       6
      12
      10
      12
       8
       9
       5
       9
       7
       9
       3
      12
       5
       9
       8
      10
       5
      10
      13
      12
       8
       7
       9
       6
       7
       6
       6
       9
      13
      13
      10
      10
       9
       8
       5
       9
      15
      11
       9
      11
       9
      11
       4
      10
       4
      11
       7
       7
       9
       8
       8
       7
      19
      12
       4
       6
       7
       8
       7
      11
       9
       7
      11
      13
      13
      10
       7
      11
       5
      12
      12
       5
       7
      12
      12
       6
       9
       9
      11
       9
      10
       6
       9
       8
      11
      12
       7
       3
       9
      10
       7
       9
       6
      11
       7
       5
       5
      10
      12
      15
      12
      10
      18
      10
      11
      14
       8
       9
       7
      15
      15
      11
      19
       9
      16
      11
      13
      13
      16
      15
      18
      14
      16
      10
      20
      15
      11
      16
      15
      22
      21
      19
      21
      24
      18
      23
      25
      20
      22
      21
      17
      17
      17
      20
      10
      31
      19
      14
      10
      25
      26
      23
      28
      23
      17
      19
      22
      22
      22
      18
      16
      13
      18
      24
      18
      20
      23
      22
      16
      17
      14
      25
      19
      16
      19
      12
      12
      19
      20
      14
       8
      13
      20
      15
      10
      13
      14
       9
      15
       4
      15
      10
      15
       7
      18
       9
       8
       7
      11
       8
      11
       3
       6
       6
      13
       5
       9
       3
       7
       1
       7
       5
       3
       8
       7
       5
       9
       6
       8
       4
       2
       8
       7
       3
       3
       2
       4
       7
       1
       6
       2
       6
       5
       5
       4
       1
       8
       5
       5
       4
       6
       3
       5
       8
       7
       6
       8
       6
       4
       3
       8
       6
       4
       6
       7
       3
       9
       5
       5
       8
       8
       5
       7
       5
       6
       7
       4
      10
       3
       8
      10
       6
       4
       4
       7
       4
       6
       3
       5
       2
       3
       6
       9
       6
       4
       4
       3
       6
       1
       6
       5
       5
       4
       9
       1
       6
      11
       4
       6
       4
       3
       5
       2
       2
       3
       1
       2
       3
      10
       3
       2
       5
       4
       8
       4
       5
       3
       4
       5
       2
       4
       5
       5
       2
       4
       2
       4
       1
       3
       7
       2
       3
       5
       4
       3
       4
       3
       7
       5
       2
       3
       3
       5
       4
       2
       6
       1
       4
       3
       5
       5
       3
       4
       2
       2
       5
       5
       5
       2
       3
       5
       5
       4
       1
       1
       3
       1
       0
       4
       3
       3
       2
       2
       3
       3
       4
       5
       5
       6
       3
       1
       1
       6
       2
       4
       1
       4
       6
       2
       5
       4
       2
       5
       3
       4
       4
       9
       4
       3
       3
       2
       4
       4
       2
       7
       4
       3
       6
       2
       5
       3
       6
       8
       2
       3
       7
       4
       5
       3
       6
       1
       2
       0
       5
       8
       4
       3
       7
       3
       6
       5
       3
       3
       5
       7
       4
       4
       8
       9
       5
       5
       3
       3
       6
       4
       2
       1
       5
       3
       4
       3
       5
       2
       8
       3
       3
       7
       4
       4
       5
       2
       1
       4
       3
       4
       6
       4
       3
       2
       4
       5
       5
       7
       1
       8
       4
       1
       2
       2
       3
       0
       6
       3
       1
       2
       2
       5
       2
       4
       3
       3
       5
       2
       5
       2
       2
       4
       3
       2
       2
       0
       4
       1
       4
       2
       1
       0
       4
       2
       2
       1
       3
       4
       5
       2
       4
       1
       6
       4
       4
       2
       6
       1
       1
       2
       3
       1
       6
       2
       4
       3
       0
       1
       2
       1
       1
       6
       3
       2
       1
       5
       7
       0
       1
       6
       4
       3
       1
       0
       0
       0
       0
       0
       0
       0
       0
       0
       0
       0
       0
       0
       0
       0
       0
       0
       0
       0
       0
       0
       0
       0
       0
       0
       0
       0
       0
       0
       0
       0
       0
       0
       0
       0
       0
       0
       0
       0
       0
       0
       0
       0
       0
       0
       0
       0
       0
       0
       0
       0
       0
       0
       0
       0
       0
       0
       0
       0
       0
       0
       0
       0
       0
       0
       0
       0
       0
       0
       0
       0
       0
       0
       0
       0
       0
       0
       0
       0
       0
       0
       0
       0
       0
       0
       0
       0
       0
       0
       0
       0
       0
       0
       0
       0
       0
       0
       0
       0
       0
       0
       0
       0
       0
       0
       0
       0
       0
       0
       0
       0
       0
       0
       0
       0
       0
       0
       0
       0
       0
       0
       0
       0
       0
       0
       0
       0
       0
       0
       0
       0
       0
       0
       0
       0
       0
       0
       0
       0
       0
       0
       0
       0
       0
       0
       0
       0
       0
       0
       0
       0
       0
       0
       0
       0
       0
       0
       0
       0
       0
       0
       0
       0
       0
       0
       0
       0
       0
       0
       0
       0
       0
       0
       0
       0
       0
       0
       0
       0
       0
       0
       0
       0
       0
       0
       0
       0
       0
       0
       0
       0
       0
       0
       0
       0
       0
       0
       0
       0
       0
       0
       0
       0
       0
       0
       0
       0
       0
       0
       0
       0
       0
       0
       0
       0
       0
       0
       0
       0
       0
       0
       0
       0
       0
       0
       0
       0
$ROI:
0
$PRESETS:
Live Time
1200
0
$ENER_FIT:
0.000000 0.000000
$MCA_CAL:
3
0.000000E+000 0.000000E+000 0.000000E+000 
$SHAPE_CAL:
3
6.448958E+001 0.000000E+000 0.000000E+000
